Coefficients: [   0.         9656.59272189  -25.68031241]
Intercept: 25486.138855872334
